n=5 Average Delay: 0.0018873214721679688
n=10 Average Delay: 0.0017675399780273438